9 11 9
-25.420137378348528
-25.096169591804262
136.79503820709323
-98.04341178638104
4.280941167399899
0.00882579554937478
-0.023194871665598416
0.001149423906320203
-0.024150298601903465
-0.8831770182235178

0.3229468283425366
0.2734567190628316
0.8941427114872419
2.521088731422202
-0.37238738785829884
0.025865971836888574
-0.004107021512032662
-0.04921543494997467
-0.005520296411214501
0.26698052682185147

-39.26770039770071
-43.67172298413007
-46.95860721373543
-47.05054359954876
40.14952103963748
0.002294099788612447
-0.003060224707984026
0.0069148509894599725
-0.048782768303416574
-13.580753888475057

-20.149663891606107
25.33392069255058
-20.187602135347646
-20.212179752213775
3.267264251835178
-0.007234916498016178
0.039190104609655343
-0.01801050175883461
0.010286262639809397
-2.65667582367602

-69.51608375414207
-57.08347963745556
-52.06783750189784
-44.480615051134535
42.41106970800063
-0.044251775166890044
0.04964499641575634
-0.017259430552416598
-0.0039192892065018844
-17.144509112121128

49.51712537496514
-47.15731687290051
-43.284939243628465
-42.82210882462833
10.20320829498279
0.019104064675878607
0.03146364792512209
0.04376702558300581
-0.009831919444757822
-6.424753657061026

-18.507412075533225
-18.934431870670736
57.6912183607242
-15.735662915949
15.25642482102647
0.031114795666450423
-0.02337525140131479
0.046403592056707285
-9.79452774900011E-4
0.36060784457571404

-12.305852058926927
-23.055289000202492
118.18220648903608
-83.10769059683271
-2.5777812566518947
0.011079767454553989
-0.0206861224199265
0.013189246839390073
0.02879855370213756
-0.027841609702880774

11.602369132948708
11.052194972883933
10.413557426331858
8.270569139318454
-6.3970477674408865
0.021867004554323707
0.001667846275221499
-0.03664098799196516
-0.026761879994448234
3.1491277487417504

30.16223114708158
-49.511311836711194
-30.687201256088464
-25.486574967223095
35.343310927757365
0.03587391272374907
-0.03415566226796456
0.014323197344754679
2.677021755594089E-5
-5.856969214551455

-7.626085676947951
-9.314994547153354
-7.565845329063431
-7.982112728419647
9.47306887813227
-0.02393252335345658
-0.03980822138946016
-0.0011648310639520085
-0.02019733561040823
-2.5219086985672083


0.21329999055486157
-1.1518154862916599
-4.13743422391572
-4.332557431509413
4.01185745669316
-4.234602249102789
-0.0012357578698242947
-4.383816624744711
0.1190768563619473
0.014246130309710513
4.237121138524704
-1.1328607996576494

-0.12480275473921068
-1.9907835832223393
-4.132110754216055
-4.501013564649216
3.830486981237689
-4.232923141541018
-4.095625620022534
4.157714184258578
3.786252658605479
0.01473728043829992
4.176699614099413
-3.888977941639838

-2.8919502176221044
-1.718591356216381
-1.735725711920984
5.552046683289296
2.040384343772501
-0.08568501570688934
-0.04871931569070159
2.9146435723665074
2.96061598176881
0.003251725766449997
-0.030876390182393694
-3.4093391528068806

-3.4979970890756045
-1.9310848022506828
-0.6513662739075087
-0.13793009101711826
0.4784063588529962
3.8449566428189397
0.07199051990972061
3.138942234058199
0.6002688215691575
-3.8766533425913274
4.028089695434155
-0.8470184126856702

3.6068256538101737
2.206561457881212
7.458472009120783
-3.8151348600902018
-7.754634471232547
-3.119805874631307
-0.28566265890278303
-3.237464857961941
-3.387288646642984
0.067966723209609
-3.003681972084097
-0.9153335027905157

-0.005076777127511237
-0.5230045394800499
-0.012907724149216645
-0.01952382547038521
-0.02659296524955492
-0.030481750516176725
-0.019362731337372263
-0.008862855535417172
-0.08175868591415565
8.03062181360099E-4
0.0032376615517537653
-1.563657689917352

-0.005017828783673284
-0.5189873936630492
-0.01278481008979359
-0.019363032759270964
-0.02633594515371097
-0.03020282231383024
-0.01917721422193527
-0.008798478710788774
-0.08095346411791501
7.958476131389262E-4
0.0032104035413477493
-1.568752749980445

0.13839020746722966
1.4923818988376523
0.07308281049462573
-0.08487508548888988
0.049654463054069085
-1.52902348220428
-1.4054102394285164
0.08682074414040047
0.007169466232919656
-0.09188465845779129
-4.249611847309043
1.959487363036106

-0.07110238054132548
0.46172943092129115
-0.07348675142456662
0.7072881112755339
0.13917778702180594
1.2613330575839337
1.307804391868334
-0.13689760668151282
-4.792343375266372
0.25905021772771253
-1.0421511976721616
0.942016538294088