9 11 9
22.682915450774033
48.061784142255505
20.404374514189186
-11.81717696371296
11.22106403708085
-0.03344011949723652
-30.020912687051
18.28164863926021
0.021103557068002793
6.05883496875481

0.07592905813735308
0.24319433328924192
0.38342237241573796
0.5128807765739669
0.27960420392348295
-0.02720559964563315
1.0069860814564169
0.2249940876295154
7.977809267684516E-4
0.08656121923940059

-14.475405112596977
-24.195517802736976
-6.516446262238343
-7.706239698647409
0.16350737992344536
-0.04093836498111382
17.616296694372288
-12.228040303404468
0.04581681421783511
-4.022867256344124

-53.50736215335266
21.118189465981487
-16.035575104265806
-5.035107077040143
-0.05194048300635243
-0.012091871486011749
19.71431004534777
-12.27527165692724
0.003027320222156335
-4.139093481785977

-19.74888062880863
-11.627248563060302
-14.936106271797183
-16.84596757961057
57.90933525599949
0.04612684100793264
-5.5787257291223575
-14.597490017754224
-0.025302818430646135
-4.822789990684862

0.13605961211514828
0.29852467809907646
0.3963326326854523
0.4720754276902941
0.34100626484007956
0.009702974501542241
0.977410057029654
0.2601435009320053
0.04592510955225847
0.09037809286895253

31.004924537316068
23.18987578914482
4.234326346501959
-28.512215930954266
-39.05494662582584
0.04777833864434712
14.476129854326699
6.935793665049225
0.01745808727161277
2.3517054238468513

0.09112617919199256
0.2695873330862364
0.3255219498403747
0.5133568151024328
0.30871965048796945
-0.027906799406465056
0.9803524748754501
0.30657298955219986
0.023287394071082906
0.10673758017492903

13.360466230610136
1.1018879205414362
30.511078038318285
26.562704992466006
0.0812118706567122
-0.027251702378224964
-29.165800964381262
16.532223643763064
0.021688591739204635
5.509356107658149

12.21120187596968
-15.588767295985887
-72.55910461534972
-12.922628299629334
-0.6235318338753036
-0.0018293943066879509
43.621441260715464
-20.516469390370414
0.024309793047868525
-6.80400316786153

-12.71656912454326
-57.45185371888015
-65.45443947593444
-63.36137279947825
68.95856252605775
0.010407177599570896
18.955628112682753
-45.96068727186834
0.039661995268666136
-15.267650146339934


-3.8476460219791425E-8
-0.5673607843303675
5.142969656021178E-8
2.6255324806362065E-8
4.582289387111879E-8
-0.47798435452520044
-2.6722806780699502E-8
-0.5576006877227876
-7.658502249078273E-9
4.327845737639529E-9
7.312027405366088E-9
-0.5942788344404182

-0.026088347573100176
-0.38658580798906167
0.021751812400574416
-0.25343965696233073
3.0090561986032425
-0.35273486001468
0.18284162148365804
-0.39261303861136193
-0.13747927423258488
-3.7142438933558424
0.4354573206629356
-0.45778519850644067

0.006994286614823154
-1.8173198271294613
-4.236355863248657
4.129271330270268
4.16576539478066
-1.7763623463795692
0.002575144511228713
-1.7651104816473564
-3.92716617150438
0.9049716144796643
0.010493544041237405
-1.789981291186562

-0.017993553197229586
-0.5068984260211862
-0.012376210781275683
-4.309258564616528
4.26112838047961
-0.5242228565499595
0.0137718275334058
-0.5418364160329873
-4.2904477969032255
-0.015097741496234381
0.009795162077368814
-0.5318252344451494

-0.7680251364804586
-1.2864141494330936
1.2945111705772379
0.7258571026243691
2.4757533279841173
-1.244514002853139
-1.4152907661245802
-1.3156121193223098
2.2239474843067026
2.1692602559404857
-3.0630734621494993
-1.2103397528054283

-3.9312090520816376E-8
-0.5605985430907767
5.2713974063967885E-8
2.6856777872465858E-8
4.706102036587762E-8
-0.5195414228934188
-2.738477653416577E-8
-0.5712429022798489
-8.114895537956592E-9
4.276663679640809E-9
7.426328392769397E-9
-0.5458417946894385

-3.862051524430257E-8
-0.5400535899340642
5.1723928460684654E-8
2.6395665922780638E-8
4.624085471512257E-8
-0.5048010665474285
-2.6917598216697647E-8
-0.5761812613945572
-7.991224725994362E-9
4.351935987565838E-9
7.274256336452524E-9
-0.57618874365594

-0.08207789195757711
0.4690769398809509
-0.021190258010994525
0.035495389611282104
-4.189818377167367
0.4446187202211292
0.3263222032451427
0.4204920151205197
0.07124999829418724
-0.014473111046486303
0.1690282149238383
0.5330072586501314

0.9986729697437255
-4.325039082206979
4.518680725987781
3.1155360168547896
1.8502009584402137
-4.32681280066819
1.0581128455590523
-4.231878555176437
6.134138131782754
5.923222341170522
3.0288268022645912
-4.470389722708285